#DEBUT

#DEBUT_TLEX
	0|3|-1|int
	1|5|-1|float
	2|4|-1|bool
	3|4|-1|char
	4|1|-1|a
	5|1|-1|b
#FIN_TLEX

#DEBUT_TDEC
	0|0|-1|0|-1|1
	1|0|-1|0|-1|1
	2|0|-1|0|-1|1
	3|0|-1|0|-1|1
	4|3|-1|0|0|0
	5|3|-1|0|0|1
#FIN_TDEC

#DEBUT_TREP
#FIN_TREP

#DEBUT_TREG
	0|2|0

	#DEBUT_ARBRE_REGION 0
		0 | 7[-1.000000][-1.000000]
			1 | 24[-1.000000][-1.000000]
				2 | 14[4.000000][0.000000]
				2 | 14[5.000000][0.000000]
			1 | 25[-1.000000][-1.000000]
				2 | 1[-1.000000][-1.000000]
					3 | 44[4.000000][-1.000000]
					3 | 54[2.000000][-1.000000]
				2 | 1[-1.000000][-1.000000]
					3 | 44[5.000000][-1.000000]
					3 | 44[4.000000][-1.000000]
				2 | 3[-1.000000][-1.000000]
					3 | 4[-1.000000][-1.000000]
						4 | 31[-1.000000][-1.000000]
							5 | 35[-1.000000][-1.000000]
								6 | 36[-1.000000][-1.000000]
									7 | 44[4.000000][-1.000000]
									7 | 54[2.000000][-1.000000]
					3 | 5[-1.000000][-1.000000]
						4 | 1[-1.000000][-1.000000]
							5 | 44[4.000000][-1.000000]
							5 | 54[3.000000][-1.000000]
					3 | 6[-1.000000][-1.000000]
				2 | 3[-1.000000][-1.000000]
					3 | 4[-1.000000][-1.000000]
						4 | 31[-1.000000][-1.000000]
							5 | 35[-1.000000][-1.000000]
								6 | 36[-1.000000][-1.000000]
									7 | 44[5.000000][-1.000000]
									7 | 54[2.000000][-1.000000]
					3 | 5[-1.000000][-1.000000]
						4 | 1[-1.000000][-1.000000]
							5 | 44[5.000000][-1.000000]
							5 | 54[3.000000][-1.000000]
					3 | 6[-1.000000][-1.000000]
						4 | 1[-1.000000][-1.000000]
							5 | 44[5.000000][-1.000000]
							5 | 54[4.000000][-1.000000]
	#FIN_ARBRE_REGION
#FIN_TREG

#FIN