#DEBUT

#DEBUT_TLEX
	0|3|-1|int
	1|5|9|float
	2|4|-1|bool
	3|4|4|char
	4|4|21|date
	5|4|-1|jour
	6|4|-1|mois
	7|5|25|annee
	8|8|17|personne
	9|6|-1|numero
	10|9|-1|naissance
	11|3|-1|age
	12|6|16|equipe
	13|1|-1|p
	14|2|-1|te
	15|1|-1|b
	16|1|-1|i
	17|1|-1|j
	18|1|-1|a
	19|1|-1|T
	20|1|-1|c
	21|6|-1|saisie
	22|14|-1|Numerodesaisie
	23|1|-1|e
	24|1|-1|f
	25|1|-1|g
	26|1|-1|h
#FIN_TLEX

#DEBUT_TDEC
	0|0|-1|0|-1|1
	1|0|-1|0|-1|1
	2|0|-1|0|-1|1
	3|0|-1|0|-1|1
	4|1|-1|0|0|3
	8|1|-1|0|10|5
	12|2|-1|0|20|30
	13|3|-1|0|8|0
	14|3|-1|0|12|5
	15|3|500|0|2|35
	16|3|501|0|1|36
	17|3|-1|0|0|37
	18|4|-1|0|26|1
	19|3|503|2|0|3
	20|4|-1|2|28|3
	21|4|-1|2|29|4
	23|4|-1|0|30|5
	24|4|-1|5|31|6
	25|4|-1|6|32|7
	26|4|-1|5|33|8
	500|4|-1|1|27|2
	501|3|502|4|0|4
	502|4|-1|0|34|9
	503|3|-1|9|0|2
#FIN_TDEC

#DEBUT_TREP
	0|3
	1|5
	2|0
	3|0
	4|6
	5|0
	6|1
	7|7
	8|1
	9|2
	10|3
	11|9
	12|0
	13|0
	14|10
	15|4
	16|1
	17|11
	18|0
	19|4
	20|8
	21|2
	22|1
	23|3
	24|1
	25|2
	26|0
	27|0
	28|0
	29|0
	30|0
	31|0
	32|0
	33|0
	34|0
#FIN_TREP

#DEBUT_TREG
	0|38|0
	1|2|1
	2|4|2
	3|4|3
	4|5|3
	5|2|1
	6|3|2
	7|4|3
	8|3|2
	9|3|1

	#DEBUT_ARBRE_REGION 0
		0 | 7[-1][-1]
			1 | 24[-1][-1]
				2 | 8[4][-1]
					3 | 28[-1][-1]
						4 | 11[5][0]
						4 | 11[6][0]
						4 | 11[7][1]
				2 | 8[8][-1]
					3 | 28[-1][-1]
						4 | 11[9][0]
						4 | 11[10][4]
						4 | 11[11][0]
				2 | 8[12][-1]
					3 | 13[-1][-1]
						4 | 10[1][3]
						4 | 10[1][2]
						4 | 12[8][-1]
				2 | 14[13][8]
				2 | 14[14][12]
				2 | 14[15][2]
				2 | 14[16][1]
				2 | 14[17][0]
				2 | 16[18][-1]
				2 | 16[23][-1]
				2 | 16[16][-1]
			1 | 25[-1][-1]
				2 | 45[-1][-1]
					3 | 2[16][-1]
					3 | 29[-1][-1]
	#FIN_ARBRE_REGION

	#DEBUT_ARBRE_REGION 1
		0 | 16[18][-1]
			1 | 26[-1][-1]
			1 | 7[-1][-1]
				2 | 24[-1][-1]
					3 | 16[15][-1]
				2 | 25[-1][-1]
	#FIN_ARBRE_REGION

	#DEBUT_ARBRE_REGION 2
		0 | 16[15][-1]
			1 | 26[-1][-1]
			1 | 7[-1][-1]
				2 | 24[-1][-1]
					3 | 14[19][0]
					3 | 16[20][-1]
					3 | 16[21][-1]
				2 | 25[-1][-1]
	#FIN_ARBRE_REGION

	#DEBUT_ARBRE_REGION 3
		0 | 16[20][-1]
			1 | 26[-1][-1]
			1 | 7[-1][-1]
				2 | 25[-1][-1]
	#FIN_ARBRE_REGION

	#DEBUT_ARBRE_REGION 4
		0 | 16[21][-1]
			1 | 26[-1][-1]
			1 | 7[-1][-1]
				2 | 24[-1][-1]
					3 | 14[16][0]
				2 | 25[-1][-1]
					3 | 1[-1][-1]
						4 | 44[16][-1]
						4 | 42[0][-1]
					3 | 1[-1][-1]
						4 | 44[17][-1]
						4 | 42[0][-1]
					3 | 23[-1][-1]
						4 | 35[-1][-1]
							5 | 38[-1][-1]
								6 | 44[16][-1]
								6 | 42[3][-1]
						4 | 1[-1][-1]
							5 | 44[16][-1]
							5 | 46[17][-1]
								6 | 47[-1][-1]
									7 | 44[16][-1]
									7 | 42[1][-1]
						4 | 23[-1][-1]
							5 | 35[-1][-1]
								6 | 38[-1][-1]
									7 | 44[17][-1]
									7 | 42[2][-1]
							5 | 1[-1][-1]
								6 | 44[17][-1]
								6 | 46[18][-1]
									7 | 47[-1][-1]
										8 | 44[17][-1]
										8 | 42[1][-1]
							5 | 53[-1][-1]
						4 | 1[-1][-1]
							5 | 44[19][-1]
							5 | 44[17][-1]
	#FIN_ARBRE_REGION

	#DEBUT_ARBRE_REGION 5
		0 | 16[23][-1]
			1 | 26[-1][-1]
			1 | 7[-1][-1]
				2 | 24[-1][-1]
					3 | 16[24][-1]
					3 | 16[26][-1]
				2 | 25[-1][-1]
					3 | 45[-1][-1]
						4 | 2[26][-1]
						4 | 29[-1][-1]
	#FIN_ARBRE_REGION

	#DEBUT_ARBRE_REGION 6
		0 | 16[24][-1]
			1 | 26[-1][-1]
			1 | 7[-1][-1]
				2 | 24[-1][-1]
					3 | 16[25][-1]
				2 | 25[-1][-1]
					3 | 45[-1][-1]
						4 | 2[25][-1]
						4 | 29[-1][-1]
	#FIN_ARBRE_REGION

	#DEBUT_ARBRE_REGION 7
		0 | 16[25][-1]
			1 | 26[-1][-1]
			1 | 7[-1][-1]
				2 | 25[-1][-1]
					3 | 45[-1][-1]
						4 | 2[18][-1]
						4 | 29[-1][-1]
	#FIN_ARBRE_REGION

	#DEBUT_ARBRE_REGION 8
		0 | 16[26][-1]
			1 | 26[-1][-1]
			1 | 7[-1][-1]
				2 | 25[-1][-1]
					3 | 45[-1][-1]
						4 | 2[26][-1]
						4 | 29[-1][-1]
	#FIN_ARBRE_REGION

	#DEBUT_ARBRE_REGION 9
		0 | 16[16][-1]
			1 | 26[-1][-1]
			1 | 7[-1][-1]
				2 | 24[-1][-1]
					3 | 14[19][0]
				2 | 25[-1][-1]
					3 | 45[-1][-1]
						4 | 2[23][-1]
						4 | 29[-1][-1]
	#FIN_ARBRE_REGION
#FIN_TREG

#FIN